$ 1 0.000005 146.80153516788286 68 5 43
165 -32 224 112 224 6 4.999999950000001
R 32 80 32 32 0 0 40 5 0 0 0.5
w 32 80 32 192 0
w 96 256 128 256 0
w 128 256 128 80 0
w 128 80 32 80 0
c 32 384 32 448 0 1.0000000000000002e-10 3.3333333333333335
g 64 544 64 576 0
w 64 384 64 544 0
w 64 544 32 544 0
w 32 544 32 448 0
209 -96 384 -96 448 0 0.000001 1.9410012116400381 1
w 32 544 -96 544 0
w -96 544 -96 448 0
w -96 384 -96 352 0
r -96 256 -96 192 0 722000
w -96 256 -32 256 0
w -96 192 -96 80 0
w -96 80 32 80 0
p 96 288 176 288 1 0
174 -128 304 -64 256 1 1000000 0.6386000000000001 Resistance
w -96 352 -64 352 0
w -64 352 -64 320 0
w -64 320 -64 304 0
w -64 320 -32 320 0
w -32 352 -64 352 0
w -96 544 -144 544 0
w -144 544 -144 448 0
w -144 384 -144 304 0
w -144 304 -128 304 0
o 19 1024 0 36875 5 0.1 0 1
