$ 1 0.000005 1.0312258501325766 46 5 43
R -128 -32 -128 -48 0 0 40 5 0 0 0.5
s -128 -32 -128 16 0 0 false
r -128 64 -128 112 0 10000
r -80 64 -80 112 0 220
162 -80 16 -80 64 2 default-led 1 0 0 0.01
w -128 16 -80 16 0
w -128 16 -128 64 0
g -128 112 -128 128 0
g -80 112 -80 128 0
g 16 112 16 128 0
g -32 112 -32 128 0
w -32 16 -32 64 0
w -32 16 16 16 0
162 16 16 16 64 2 default-led 1 0 0 0.01
r 16 64 16 112 0 220
r -32 64 -32 112 0 10000
s -32 -32 -32 16 0 0 false
R -32 -32 -32 -48 0 0 40 5 0 0 0.5
x -114 0 -85 3 4 24 A0
x -17 2 12 5 4 24 A1
x 255 2 284 5 4 24 B1
x 158 0 187 3 4 24 B0
R 240 -32 240 -48 0 0 40 5 0 0 0.5
s 240 -32 240 16 0 0 false
r 240 64 240 112 0 10000
r 288 64 288 112 0 220
162 288 16 288 64 2 default-led 1 0 0 0.01
w 240 16 288 16 0
w 240 16 240 64 0
g 240 112 240 128 0
g 288 112 288 128 0
g 192 112 192 128 0
g 144 112 144 128 0
w 144 16 144 64 0
w 144 16 192 16 0
162 192 16 192 64 2 default-led 1 0 0 0.01
r 192 64 192 112 0 220
r 144 64 144 112 0 10000
s 144 -32 144 16 0 0 false
R 144 -32 144 -48 0 0 40 5 0 0 0.5
162 -128 368 -128 416 2 default-led 0 1 0 0.01
r -128 320 -128 368 0 220
g -128 416 -128 432 0
x -111 397 -96 400 4 12 D0
x -45 397 -30 400 4 12 D1
g -64 416 -64 432 0
r -64 320 -64 368 0 220
162 -64 368 -64 416 2 default-led 0 1 0 0.01
162 0 368 0 416 2 default-led 0 1 0 0.01
r 0 320 0 368 0 220
g 0 416 0 432 0
x 18 397 33 400 4 12 D2
150 208 224 304 224 0 2 5 5
154 208 304 304 304 0 2 0 5
154 384 352 480 352 0 2 0 5
154 528 304 624 304 0 2 0 5
154 640 224 736 224 0 2 5 5
150 208 416 304 416 0 2 5 5
150 640 416 736 416 0 2 0 5
152 768 336 864 336 0 2 5 5
w -128 16 -144 16 0
w -144 16 -144 208 0
w -144 208 64 208 0
w 64 208 208 208 0
w 64 208 64 288 0
w 64 288 208 288 0
w 144 16 128 16 0
w 128 16 128 240 0
w 128 240 208 240 0
w 128 240 128 320 0
w 128 320 208 320 0
w 16 16 80 16 0
w 80 352 336 352 0
g 384 368 384 384 0
w 80 16 80 352 0
w 80 352 80 432 0
w 80 432 208 432 0
w 288 16 336 16 0
w 336 16 336 160 0
w 336 160 160 160 0
w 336 160 464 160 0
w 464 160 464 288 0
w 464 288 528 288 0
w 480 352 480 464 0
w 480 464 -160 464 0
w -160 464 -160 304 0
w -160 304 -128 304 0
w -128 304 -128 320 0
w 160 160 160 400 0
w 160 400 208 400 0
w 304 416 512 416 0
w 512 416 512 464 0
w 512 464 768 464 0
w 768 464 768 352 0
w 768 320 736 320 0
w 736 320 736 416 0
w 336 352 336 304 0
w 336 304 464 304 0
w 464 304 464 320 0
w 464 320 528 320 0
w 304 304 320 304 0
w 320 304 320 336 0
w 320 336 384 336 0
w 304 224 496 224 0
w 496 224 496 384 0
w 496 384 528 384 0
w 528 384 528 432 0
w 528 432 640 432 0
w 624 304 624 400 0
w 624 400 640 400 0
w 624 304 624 240 0
w 624 240 640 240 0
w 496 224 576 224 0
w 576 224 576 208 0
w 576 208 640 208 0
w 736 224 752 224 0
w 752 224 752 480 0
w 752 480 -176 480 0
w -176 480 -176 288 0
w -176 288 -64 288 0
w -64 288 -64 320 0
w 864 336 864 496 0
w 864 496 -192 496 0
w -192 496 -192 272 0
w -192 272 0 272 0
w 0 272 0 320 0
