$ 1 0.000005 10.20027730826997 50 5 43
R 208 48 208 32 0 0 40 5 0 0 0.5
R 288 48 288 32 0 0 40 5 0 0 0.5
R 368 48 368 32 0 0 40 5 0 0 0.5
r 368 48 368 96 0 220
162 368 96 368 144 2 default-led 0 1 0 0.01
s 208 48 208 96 0 0 false
s 288 48 288 96 0 0 false
r 208 96 208 160 0 10000
r 288 96 288 160 0 10000
t 320 208 368 208 0 1 0.56284026324615 0.6640532755961912 100
t 320 288 368 288 0 1 0.5633593435203856 0.6648375922771512 100
g 368 336 368 368 0
w 368 336 368 304 0
w 368 272 368 224 0
w 368 192 368 144 0
w 288 160 288 208 0
w 288 208 320 208 0
w 208 160 208 288 0
w 208 288 320 288 0
