$ 1 0.000005 1.0312258501325766 46 5 43
R -80 16 -80 -16 0 0 40 5 0 0 0.5
s -16 48 -16 96 0 1 false
s 32 48 32 96 0 1 false
r -16 96 -16 144 0 10000
r 32 96 32 144 0 10000
w -80 16 -16 16 0
w -16 16 -16 48 0
w -16 16 32 16 0
w 32 16 32 48 0
g -80 336 -80 368 0
162 -16 288 -16 320 2 default-led 1 1 0 0.01
162 32 288 32 320 2 default-led 0 1 0 0.01
r -16 288 -16 240 0 220
r 32 288 32 240 0 220
w -80 336 -16 336 0
w -16 336 -16 320 0
w -16 336 32 336 0
w 32 336 32 320 0
150 352 112 448 112 0 2 0 5
150 352 240 448 240 0 2 0 5
w 144 176 144 112 0
w 256 96 304 96 0
w 144 176 144 256 0
w 144 256 352 256 0
w 304 96 352 96 0
w 272 160 272 128 0
w 272 128 352 128 0
w 272 160 272 224 0
w 272 224 352 224 0
153 544 128 656 128 0 2 0 5
153 544 224 656 224 0 2 5 5
w 448 112 544 112 0
w 448 240 544 240 0
w 656 128 704 128 0
w 704 128 704 160 0
w 704 160 544 192 0
w 544 192 544 208 0
w 656 224 704 224 0
w 704 224 704 192 0
w 704 192 544 160 0
w 544 160 544 144 0
w 704 128 752 128 0
w 752 128 752 304 0
w 752 304 80 304 0
w 80 304 80 240 0
w 80 240 32 240 0
w -16 240 -16 224 0
w -16 224 96 224 0
w 96 224 96 288 0
w 96 288 704 288 0
w 704 288 704 224 0
x 13 5 50 8 4 12 Enable
x -25 5 -8 8 4 24 D
x 25 366 43 369 4 24 Q
x -28 366 -3 369 4 24 !Q
w 32 96 80 96 0
w 80 96 80 160 0
w 80 160 272 160 0
w -16 96 0 96 0
w 0 96 0 176 0
w 0 176 144 176 0
153 160 96 256 96 0 2 5 5
w 160 112 144 112 0
w 144 112 144 80 0
w 144 80 160 80 0
g 32 144 32 160 0
g -16 144 -16 160 0
162 80 16 144 16 2 default-led 1 0 0 0.01
r 144 16 208 16 0 220
g 208 16 208 32 0
w 80 96 80 16 0
